0.177127020209054 0.00255015864591433 0.00708075982176505 0.000976246439850986 0.00099531809312536 -0.000910073027183502 0.000139135281131477 -0.000241998616091317 -4.30398868358837e-05 -0.000547028940181661 
0.00255015864591433 0.0330250762681263 0.00139285120937809 -0.000614933585016647 -0.000124086992088106 -0.000300931818741197 -0.000214851532618582 0.000304792631797542 6.36539825553983e-05 -0.000167623491639131 
0.00708075982176505 0.00139285120937809 0.00830901684591647 0.000184284137610827 0.000306789768138414 0.000261441790143084 0.000136559399559291 0.000105248632054043 8.52859734445516e-05 9.79618529351571e-05 
0.000976246439850986 -0.000614933585016647 0.000184284137610827 0.00456286003551786 0.000434590679334339 -2.1817186320305e-06 -2.463738243018e-05 7.01084957814208e-05 0.000161379451892697 0.000184383366043414 
0.00099531809312536 -0.000124086992088106 0.000306789768138414 0.000434590679334339 0.00230291440872279 6.32642898989197e-05 -7.05455228118287e-05 6.84868960620706e-06 2.13961681793434e-05 1.48627476975179e-05 
-0.000910073027183502 -0.000300931818741197 0.000261441790143084 -2.1817186320305e-06 6.32642898989197e-05 0.00113631862111538 0.000142638399104246 0.000100296205244342 4.32845047757049e-05 1.78737576383169e-05 
0.000139135281131477 -0.000214851532618582 0.000136559399559291 -2.463738243018e-05 -7.05455228118287e-05 0.000142638399104246 0.000501171356915505 0.000165298327419786 8.23963179203817e-05 4.80849027060678e-05 
-0.000241998616091317 0.000304792631797542 0.000105248632054043 7.01084957814208e-05 6.84868960620706e-06 0.000100296205244342 0.000165298327419786 0.000388288090386201 0.000209194379499568 0.000170117539960675 
-4.30398868358837e-05 6.36539825553983e-05 8.52859734445516e-05 0.000161379451892697 2.13961681793434e-05 4.32845047757049e-05 8.23963179203817e-05 0.000209194379499568 0.000470953527029166 0.000389208186120221 
-0.000547028940181661 -0.000167623491639131 9.79618529351571e-05 0.000184383366043414 1.48627476975179e-05 1.78737576383169e-05 4.80849027060678e-05 0.000170117539960675 0.000389208186120221 0.000799038247393827 
