10.587768018903 4.53060799755681 3.63729704127063 2.98989090607865 2.84008076501314 2.64845647171125 2.53611865244228 2.47108823412952 2.52433697594258 3.06904834315794 
4.53060799755681 3.91189836415279 2.66968524429756 2.29310292803685 2.22956643704533 2.10890328108849 2.0798623806824 2.09621902508221 2.2084753525067 2.54323870123267 
3.63729704127063 2.66968524429756 2.31769397458205 1.86933056691252 1.82820493625592 1.74446010787064 1.70110067596751 1.69445768439353 1.73244479691169 1.94167970508558 
2.98989090607865 2.29310292803685 1.86933056691252 1.72677772504783 1.64370298086061 1.57382844339507 1.54640152350823 1.55868957797156 1.61787944851458 1.80029438923207 
2.84008076501314 2.22956643704533 1.82820493625592 1.64370298086061 1.67702974133434 1.59922190555305 1.58687199489877 1.62198455462572 1.7109156510645 1.88078401934145 
2.64845647171125 2.10890328108849 1.74446010787064 1.57382844339507 1.59922190555305 1.59972669142506 1.60455659814831 1.67630025959192 1.80541486658881 1.99125666055313 
2.53611865244228 2.0798623806824 1.70110067596751 1.54640152350823 1.58687199489877 1.60455659814831 1.66979620679593 1.78889601013912 1.97950098987171 2.19568458037054 
2.47108823412951 2.09621902508221 1.69445768439353 1.55868957797156 1.62198455462572 1.67630025959192 1.78889601013912 2.01261270986844 2.32836606434714 2.64617428057691 
2.52433697594258 2.2084753525067 1.73244479691168 1.61787944851458 1.7109156510645 1.80541486658881 1.97950098987171 2.32836606434714 2.88331987778637 3.51172897946023 
3.06904834315794 2.54323870123267 1.94167970508558 1.80029438923207 1.88078401934145 1.99125666055313 2.19568458037054 2.64617428057691 3.51172897946023 5.10363593268355 
