0.282152855272107 0.0101204819198069 0.000876247782455876 0.000977417252267581 0.00305243483341739 -0.000694688838701571 -0.00192384364535184 7.80535941859346e-05 -0.000177113894494537 -0.000840510801852765 
0.0101204819198069 0.0523471328556215 0.00261697505469819 0.00104190438376179 3.53160938414789e-05 -0.000872311649073775 -0.000413742686800803 0.000441826955757661 -0.000132583375053513 -0.000337331290928547 
0.000876247782455876 0.00261697505469819 0.0129341416936208 -0.000441143045979606 -0.000119079001439334 -0.000125813584129293 2.20044690479971e-05 -5.51308115645166e-05 -1.02802886575773e-05 -0.000223445666086417 
0.000977417252267581 0.00104190438376179 -0.000441143045979606 0.00536261093383837 0.000464885848333256 -0.00015817728294009 6.05467567221004e-05 -0.000117596890435374 -6.96695192144983e-05 2.793235823793e-05 
0.00305243483341739 3.53160938414789e-05 -0.000119079001439334 0.000464885848333256 0.00245019683117658 0.000178459046025666 -9.87717712847692e-05 3.43702007249033e-05 4.50598513816574e-05 5.47629032961879e-05 
-0.000694688838701571 -0.000872311649073775 -0.000125813584129293 -0.00015817728294009 0.000178459046025666 0.00100862362799407 4.62586473613792e-05 2.06056733949135e-05 3.24522466320254e-05 6.64188395814879e-05 
-0.00192384364535184 -0.000413742686800803 2.20044690479971e-05 6.05467567221004e-05 -9.87717712847692e-05 4.62586473613792e-05 0.00056916088937473 0.000130798352163476 4.36249039183142e-05 3.90604284576343e-05 
7.80535941859346e-05 0.000441826955757661 -5.51308115645166e-05 -0.000117596890435374 3.43702007249033e-05 2.06056733949135e-05 0.000130798352163476 0.000336875769225654 0.000129243015048636 9.28230917532017e-05 
-0.000177113894494537 -0.000132583375053513 -1.02802886575773e-05 -6.96695192144983e-05 4.50598513816574e-05 3.24522466320254e-05 4.36249039183142e-05 0.000129243015048636 0.000273114761039456 0.000171747682439981 
-0.000840510801852765 -0.000337331290928547 -0.000223445666086417 2.793235823793e-05 5.47629032961879e-05 6.64188395814879e-05 3.90604284576343e-05 9.28230917532017e-05 0.000171747682439981 0.000366036221875277 
