0.0746544703592401 0.00213511474489161 0.00233306642335907 -0.00116023101795829 0.000671110030000464 -0.000385217604826408 -0.00015250165020732 -8.70085432242319e-05 -8.0426461862763e-05 -0.000328771915131826 
0.00213511474489161 0.0162557796758137 -0.000290620422760723 -0.000604373865313118 -3.19773591626693e-05 0.000189090605105331 9.50611911219723e-05 9.24015717308228e-05 3.36381708569529e-05 -9.22771286894101e-05 
0.00233306642335907 -0.000290620422760723 0.00405943723717702 0.000111649025800835 0.000140393279036001 8.55541148411111e-05 0.00010738510233396 3.45912637886351e-05 4.40036077548353e-05 4.94076156348765e-05 
-0.00116023101795829 -0.000604373865313118 0.000111649025800835 0.00210923195027612 0.00015812221710854 -8.48867682640547e-05 -4.09518875413093e-05 -3.16934305046006e-05 1.31508376858218e-05 3.3228040022981e-05 
0.000671110030000464 -3.19773591626693e-05 0.000140393279036001 0.00015812221710854 0.000883837083130585 2.74112467609372e-05 -2.98591764547836e-05 -6.89338418839806e-06 -1.76464984796783e-06 3.43707873585434e-07 
-0.000385217604826408 0.000189090605105331 8.55541148411111e-05 -8.48867682640547e-05 2.74112467609372e-05 0.000411066080492315 5.63397611111782e-05 2.16156235968306e-05 5.78705176448004e-06 8.19878392371343e-06 
-0.00015250165020732 9.50611911219723e-05 0.00010738510233396 -4.09518875413093e-05 -2.98591764547836e-05 5.63397611111782e-05 0.000212670275703847 7.12611535768834e-05 3.06642452671223e-05 1.33703142508027e-05 
-8.70085432242319e-05 9.24015717308228e-05 3.45912637886351e-05 -3.16934305046006e-05 -6.89338418839806e-06 2.16156235968306e-05 7.12611535768834e-05 0.000140289204666953 6.28436785968069e-05 6.22742098157533e-05 
-8.0426461862763e-05 3.36381708569529e-05 4.40036077548353e-05 1.31508376858218e-05 -1.76464984796783e-06 5.78705176448004e-06 3.06642452671223e-05 6.28436785968069e-05 0.000148427142871052 0.000106441236014694 
-0.000328771915131826 -9.22771286894101e-05 4.94076156348765e-05 3.3228040022981e-05 3.43707873585434e-07 8.19878392371343e-06 1.33703142508027e-05 6.22742098157533e-05 0.000106441236014694 0.000231871229328914 
