19.9619987037821 5.21515537365739 4.32826059955339 3.36005008058598 3.60334243285052 3.51138712690296 3.35057102427844 3.250852928032 3.20044738908601 3.3423381393194 
5.21515537365739 5.0546462106523 2.60668722530412 2.23805960961467 2.49445826979611 2.28835477222655 2.26362352545073 2.26686722456593 2.36016970014441 2.46124363498629 
4.32826059955339 2.60668722530412 3.02700810097235 2.17516931481249 2.28083658246432 2.12178033326703 2.08190072114177 2.05741389553555 2.08872239700145 2.20461757823062 
3.36005008058598 2.23805960961467 2.17516931481249 2.13579097785008 2.03004374750882 1.91864408814416 1.89412163396606 1.90721690982909 1.9925067999256 2.13764713103256 
3.60334243285052 2.49445826979611 2.28083658246432 2.03004374750882 2.30206182197194 2.09219399210968 2.06032227105079 2.10263461786083 2.21651823548827 2.32633831135108 
3.51138712690296 2.28835477222655 2.12178033326703 1.91864408814416 2.09219399210968 2.08035138597569 2.04789081246251 2.10963172299083 2.25288824997927 2.36709168723255 
3.35057102427844 2.26362352545073 2.08190072114177 1.89412163396606 2.06032227105079 2.04789081246251 2.12595523196844 2.23187972457945 2.44265849100119 2.57541393527236 
3.250852928032 2.26686722456593 2.05741389553555 1.90721690982909 2.10263461786083 2.10963172299083 2.23187972457945 2.46420458354726 2.80010758107289 3.00458207758498 
3.20044738908601 2.36016970014441 2.08872239700145 1.9925067999256 2.21651823548827 2.25288824997927 2.44265849100119 2.80010758107289 3.37953307169408 3.82610007805071 
3.3423381393194 2.46124363498629 2.20461757823062 2.13764713103256 2.32633831135108 2.36709168723255 2.57541393527236 3.00458207758498 3.82610007805071 5.09189791155058 
