19.446400278968 8.24826133522146 5.98962792723724 4.89019683247549 4.39399152246893 4.06286358689858 3.99541254475224 3.93880938862817 4.070001068787 4.9853763199825 
8.24826133522146 6.92001287349552 4.34894206323175 3.61361195962283 3.3603826224904 3.18745461644816 3.16018911314007 3.17644741025181 3.36468515496929 3.91096464024831 
5.98962792723724 4.34894206323175 3.61842905965139 2.84231393960148 2.68495481252591 2.58044502732675 2.55677298010887 2.57683397218117 2.68107856594968 2.990407339232 
4.89019683247549 3.61361195962283 2.84231393960148 2.65855992631873 2.41115750548091 2.30779193970437 2.28630243130565 2.30010399347058 2.39952749345068 2.64451523192612 
4.39399152246893 3.3603826224904 2.68495481252591 2.41115750548091 2.38390872710011 2.26528550190312 2.26137033661427 2.30122495973311 2.44461654078349 2.7003500830608 
4.06286358689858 3.18745461644816 2.58044502732675 2.30779193970437 2.26528550190312 2.27552618328249 2.30125446698317 2.37808819277751 2.5612095483672 2.84145670050458 
3.99541254475224 3.16018911314007 2.55677298010887 2.28630243130565 2.26137033661427 2.30125446698317 2.42349821860816 2.55781798624503 2.8177058504497 3.13927216970401 
3.93880938862817 3.17644741025181 2.57683397218117 2.30010399347058 2.30122495973311 2.37808819277751 2.55781798624503 2.83104854959628 3.24020057081538 3.71122016088864 
4.070001068787 3.36468515496929 2.68107856594968 2.39952749345068 2.44461654078349 2.5612095483672 2.8177058504497 3.24020057081538 3.94722156819711 4.82749158807652 
4.9853763199825 3.91096464024831 2.990407339232 2.64451523192612 2.7003500830608 2.84145670050458 3.13927216970401 3.71122016088864 4.82749158807652 6.88350402029026 
