27.6587073465874 13.4333385989984 11.3633122276342 9.69065203726656 9.44556924438239 8.9904157380042 8.73916011775285 8.62824821689233 8.70348122415962 10.0226784566495 
13.4333385989984 11.2199704040374 8.47974759648605 7.3149971241778 7.2238048684743 6.95943041018659 6.93531737503697 7.08087944674916 7.41151414503995 8.35405522823339 
11.3633122276342 8.47974759648605 7.74948786100835 6.42269776807734 6.40180056527994 6.18852068787803 6.10637618756809 6.15128395321195 6.29833226690566 6.8900544312238 
9.69065203726656 7.3149971241778 6.42269776807734 5.98236081419728 5.7942504688865 5.62805081742313 5.57909529161936 5.67656885258202 5.88608968244714 6.52683355835675 
9.44556924438239 7.2238048684743 6.40180056527994 5.7942504688865 5.94767061210524 5.80262241480378 5.8179882285676 6.02991768728964 6.37664976549421 6.94646963677343 
8.9904157380042 6.95943041018659 6.18852068787803 5.62805081742313 5.80262241480378 5.86184600597941 5.94708699063473 6.30214054448119 6.80353391570559 7.39883124770006 
8.73916011775285 6.93531737503697 6.1063761875681 5.57909529161936 5.81798822856759 5.94708699063473 6.21953971465736 6.75446095845956 7.50189527597939 8.27108575123504 
8.62824821689233 7.08087944674916 6.15128395321195 5.67656885258202 6.02991768728964 6.30214054448119 6.75446095845956 7.6792298691048 8.91758958102512 10.0761205829734 
8.70348122415962 7.41151414503995 6.29833226690566 5.88608968244714 6.37664976549421 6.80353391570559 7.50189527597939 8.91758958102512 11.0649449280075 13.4017357577712 
10.0226784566495 8.35405522823339 6.8900544312238 6.52683355835675 6.94646963677343 7.39883124770006 8.27108575123504 10.0761205829734 13.4017357577712 19.4892091565889 
