0.151308002610445 0.00583081969023969 0.00216559598490649 -0.00129529488404373 0.000935198253695447 0.000369473950924062 0.000222127401176618 0.000319939945088029 0.000171381312905768 -0.000236253377697454 
0.00583081969023965 0.0351308344014567 -0.000268568852692023 3.67561731442014e-05 0.000544669359386561 0.000172872718917437 0.000189746021743401 8.58148811527502e-05 8.78039173770308e-05 -0.000111001335679995 
0.00216559598490649 -0.000268568852692023 0.00749333051258059 0.000587847443262301 0.00043446734069664 -6.69212667005495e-05 0.000114293514324142 -3.38571927884716e-05 3.16951955087857e-05 2.33556285436416e-05 
-0.00129529488404373 3.67561731442014e-05 0.000587847443262301 0.00406022059001889 0.000278342887222498 -1.68881316863378e-05 -5.89071274001125e-05 -4.31403636937173e-05 -1.44230849838982e-05 4.49042701893491e-05 
0.000935198253695447 0.000544669359386561 0.00043446734069664 0.000278342887222498 0.00170595345974454 0.00010373352027806 4.70262210818706e-05 -2.2831762958872e-05 1.52286547993982e-05 7.19872660750789e-06 
0.000369473950924062 0.000172872718917437 -6.69212667005495e-05 -1.68881316863378e-05 0.00010373352027806 0.000803201764035073 0.000175948770316771 7.19597886025737e-05 5.84183461457872e-05 4.52622263240187e-05 
0.000222127401176618 0.000189746021743401 0.000114293514324142 -5.89071274001125e-05 4.70262210818706e-05 0.000175948770316771 0.000415713716025273 0.000127218834255877 9.59100140387526e-05 2.87770842652851e-05 
0.000319939945088029 8.58148811527502e-05 -3.38571927884716e-05 -4.31403636937173e-05 -2.2831762958872e-05 7.19597886025737e-05 0.000127218834255877 0.000265372569269624 0.000135448543644894 0.000100344665919583 
0.000171381312905768 8.78039173770308e-05 3.16951955087857e-05 -1.44230849838982e-05 1.52286547993982e-05 5.84183461457872e-05 9.59100140387526e-05 0.000135448543644894 0.000307721561198892 0.000198821881181516 
-0.000236253377697454 -0.000111001335679995 2.33556285436417e-05 4.49042701893491e-05 7.19872660750789e-06 4.52622263240187e-05 2.87770842652851e-05 0.000100344665919583 0.000198821881181516 0.000396691584506851 
